g12_sub_graphs = [[(5280818029, 5280818030, 66.83), (5280818029, 5280818039, 20.373), (5280818030, 5280818029, 66.83), (5280818030, 5280818040, 20.09), (5280818039, 5280818029, 20.373), (5280818039, 5280818040, 66.60799999999999), (5280818039, 5280818041, 15.246), (5280818040, 5280818030, 20.09), (5280818040, 5280818039, 66.60799999999999), (5280818040, 5280818042, 16.035), (5280818041, 5280818039, 15.246), (5280818041, 5280818042, 66.153), (5280818041, 5280818043, 17.818), (5280818042, 5280818040, 16.035), (5280818042, 5280818041, 66.153), (5280818042, 5280818044, 17.892), (5280818043, 5280818041, 17.818), (5280818043, 5280818044, 66.001), (5280818044, 5280818042, 17.892), (5280818044, 5280818043, 66.001)], [(5409530882, 4456729993, 39.119), (5409530882, 4456729994, 85.71), (5409530882, 5409530879, 58.425), (4456729993, 5409530882, 39.119), (4456729993, 5238716383, 231.504), (4456729993, 5409530879, 39.829), (5280818025, 4456729994, 69.662), (5280818025, 5280818026, 11.182), (5280818025, 5280818063, 18.616999999999997), (4456729994, 5409530882, 85.71), (4456729994, 5280818025, 69.662), (5280818026, 5280818025, 11.182), (5280818026, 5280818063, 21.837), (5280818026, 5555485360, 186.248), (5280818062, 5280818063, 70.484), (5280818063, 5280818025, 18.616999999999997), (5280818063, 5280818026, 21.837), (5280818063, 5280818062, 70.484), (5555485360, 5280818026, 186.248), (5555485360, 5555485364, 7.634), (5555485360, 5238716383, 38.611), (5555485364, 5555485360, 7.634), (5238716383, 4456729993, 231.504), (5238716383, 5555485360, 38.611), (5409530879, 5409530882, 58.425), (5409530879, 4456729993, 39.829)], [(5555485376, 5280818035, 20.822), (5555485376, 5280818036, 12.167), (5555485376, 5555485374, 22.795), (6430494534, 5280818024, 35.107), (6430494534, 5280818033, 16.418), (6430494534, 5280818036, 32.413), (6430494534, 5280818037, 17.273), (5280818024, 6430494534, 35.107), (5280818091, 5280818037, 23.568), (5280818031, 5280818033, 22.82), (5280818032, 5280818033, 22.037), (5280818033, 6430494534, 16.418), (5280818033, 5280818031, 22.82), (5280818033, 5280818032, 22.037), (5280818035, 5555485376, 20.822), (5280818035, 5280818037, 48.879999999999995), (5280818036, 5555485376, 12.167), (5280818036, 6430494534, 32.413), (5280818037, 6430494534, 17.273), (5280818037, 5280818091, 23.568), (5280818037, 5280818035, 48.879999999999995), (5280818037, 5280818038, 22.923), (5280818038, 5280818037, 22.923), (5555485374, 5555485376, 22.795)], [(290233346, 7512226898, 308.84400000000005), (295801733, 295801751, 72.722), (295801733, 295801725, 88.241), (7515533190, 290233361, 37.581999999999994), (7515533190, 290233362, 20.995), (7515533190, 6391127711, 107.35499999999999), (295801734, 295801734, 73.532), (295801734, 295801720, 14.144), (290233361, 7515533190, 37.581999999999994), (290233362, 7515533190, 20.995), (6391127699, 6391127709, 103.44600000000001), (295801745, 295801749, 204.067), (295801745, 295801704, 82.873), (295801745, 295801725, 85.84), (295801749, 295801745, 204.067), (295801749, 295801684, 70.483), (295801749, 295801721, 71.098), (295801751, 295801733, 72.722), (295801751, 7512362665, 249.683), (295801624, 295801659, 26.115), (295801624, 295801682, 229.53599999999997), (7512362649, 7512362664, 392.591), (6391127709, 6391127699, 103.44600000000001), (6391127709, 6391127711, 19.736), (6391127709, 6391161926, 153.46), (6391127711, 7515533190, 107.35499999999999), (6391127711, 6391127709, 19.736), (6391127711, 6391161926, 55.843), (621014056, 295801658, 235.069), (621014056, 295801659, 228.939), (621014056, 295801682, 25.823), (7512362665, 295801751, 249.683), (7512362665, 7512362674, 62.109), (7512362665, 295801721, 9.491), (7512362664, 7512362649, 392.591), (7512362664, 7512362671, 108.44800000000001), (7512362664, 7512362674, 61.269), (7512362671, 7512362664, 108.44800000000001), (7512362671, 7512362673, 30.164), (7512362671, 7512362674, 294.835), (7512362673, 7512362671, 30.164), (7512362674, 7512362665, 62.109), (7512362674, 7512362664, 61.269), (7512362674, 7512362671, 294.835), (224826168, 295801658, 24.198), (224826168, 4503806267, 19.679), (224826168, 295801682, 234.125), (295801658, 621014056, 235.069), (295801658, 224826168, 24.198), (295801658, 7512226901, 513.0539999999999), (295801659, 295801624, 26.115), (295801659, 621014056, 228.939), (4503806267, 224826168, 19.679), (4503806267, 4503806268, 237.784), (4503806267, 295801700, 75.742), (5106427323, 7512226901, 17.606), (5106427323, 5106427111, 422.772), (4503806268, 4503806267, 237.784), (4503806268, 295801682, 20.674), (4503806268, 295801683, 72.896), (6391161926, 6391127709, 153.46), (6391161926, 6391127711, 55.843), (6391161926, 7512226898, 685.2389999999998), (7512226898, 290233346, 308.84400000000005), (7512226898, 6391161926, 685.2389999999998), (7512226898, 7512226901, 119.49799999999999), (295801682, 295801624, 229.53599999999997), (295801682, 621014056, 25.823), (295801682, 224826168, 234.125), (295801682, 4503806268, 20.674), (295801683, 4503806268, 72.896), (295801683, 295801684, 75.446), (295801683, 295801700, 251.764), (7512226901, 295801658, 513.0539999999999), (7512226901, 5106427323, 17.606), (7512226901, 7512226898, 119.49799999999999), (295801684, 295801749, 70.483), (295801684, 295801683, 75.446), (295801684, 295801704, 248.059), (5106427106, 5106427111, 356.005), (295801700, 4503806267, 75.742), (295801700, 295801683, 251.764), (295801700, 295801720, 33.837), (5106427111, 5106427323, 422.772), (5106427111, 5106427106, 356.005), (295801704, 295801745, 82.873), (295801704, 295801684, 248.059), (295801704, 295801720, 102.797), (295801720, 295801734, 14.144), (295801720, 295801700, 33.837), (295801720, 295801704, 102.797), (295801721, 295801749, 71.098), (295801721, 7512362665, 9.491), (295801721, 295801725, 160.998), (295801725, 295801733, 88.241), (295801725, 295801745, 85.84), (295801725, 295801721, 160.998)], [(4660552064, 4660552088, 44.99), (4660552064, 4660552007, 7.471), (4660552064, 6430513774, 27.195), (4660552074, 4660552077, 44.732), (4660552074, 4660552003, 6.626), (4660552074, 6430513774, 28.086), (4660552075, 4660552077, 7.69), (4660552075, 4660551081, 22.196), (4660552075, 4660552001, 21.519), (4660552077, 4660552074, 44.732), (4660552077, 4660552075, 7.69), (4660552077, 4660552082, 27.659000000000002), (4660552082, 4660552077, 27.659000000000002), (4660552082, 4660552088, 26.929), (4660552082, 4660551994, 16.348), (4660552082, 6430513774, 15.953), (4660552088, 4660552064, 44.99), (4660552088, 4660552082, 26.929), (4660552088, 4660551999, 7.64), (295801753, 295801631, 151.252), (295801753, 295801642, 67.38), (295801631, 295801753, 151.252), (295801631, 295801632, 69.778), (295801632, 295801631, 69.778), (295801632, 4660551087, 112.572), (295801632, 8595821053, 286.351), (4660551080, 4660551081, 32.459), (4660551080, 295801646, 68.58), (4660551080, 4660552001, 46.391), (4660551080, 5045191546, 55.348), (4660551081, 4660552075, 22.196), (4660551081, 4660551080, 32.459), (4660551081, 4660551088, 24.943), (4660551082, 4660551083, 34.846), (4660551082, 4660551086, 51.219), (4660551082, 4660552037, 8.972), (4660551082, 4660552038, 12.09), (4660551083, 4660551082, 34.846), (4660551083, 295801648, 69.877), (4660551083, 4660552004, 49.305), (4660551083, 295801681, 44.137), (295801642, 295801753, 67.38), (295801642, 4660551084, 112.562), (295801642, 8595821053, 73.968), (4660551084, 295801642, 112.562), (4660551084, 4660551085, 35.218), (4660551084, 4660552000, 46.487), (4660551084, 5045191546, 35.537), (4660551086, 4660551082, 51.219), (4660551086, 4660551087, 36.919), (4660551086, 4660552031, 10.077), (4660551086, 4660552040, 15.684), (4660551087, 295801632, 112.572), (4660551087, 4660551086, 36.919), (4660551087, 4660552009, 50.132), (4660551087, 295801681, 46.426), (295801648, 4660551083, 69.877), (295801648, 295801657, 69.679), (295801648, 621013491, 112.642), (295801646, 4660551080, 68.58), (295801646, 295801650, 67.706), (295801646, 621013491, 283.048), (295801650, 295801646, 67.706), (295801650, 295801657, 136.85799999999998), (4660551085, 4660551084, 35.218), (4660551085, 4660551991, 25.667), (4660551085, 4660551999, 22.363), (4660551088, 4660551081, 24.943), (4660551088, 4660551991, 10.899000000000001), (4660551088, 4660551994, 15.498), (4660551991, 4660551085, 25.667), (4660551991, 4660551088, 10.899000000000001), (4660551991, 4660551994, 11.177), (295801657, 295801648, 69.679), (295801657, 295801650, 136.85799999999998), (4660551994, 4660552082, 16.348), (4660551994, 4660551088, 15.498), (4660551994, 4660551991, 11.177), (8595842238, 8595821053, 291.783), (4660551999, 4660552088, 7.64), (4660551999, 4660551085, 22.363), (4660551999, 4660552000, 25.321), (4660552000, 4660551084, 46.487), (4660552000, 4660551999, 25.321), (4660552000, 4660552006, 60.541), (4660552001, 4660552075, 21.519), (4660552001, 4660551080, 46.391), (4660552001, 4660552002, 58.778), (4660552002, 4660552001, 58.778), (4660552002, 4660552003, 21.516), (4660552002, 4660552004, 59.976), (4660552003, 4660552074, 6.626), (4660552003, 4660552002, 21.516), (4660552003, 4660552052, 7.898), (4660552004, 4660551083, 49.305), (4660552004, 4660552002, 59.976), (4660552004, 4660552005, 21.638), (4660552005, 4660552004, 21.638), (4660552005, 4660552038, 10.241), (4660552005, 4660552051, 8.01), (4660552006, 4660552000, 60.541), (4660552006, 4660552007, 25.156), (4660552006, 4660552009, 57.815), (4660552007, 4660552064, 7.471), (4660552007, 4660552006, 25.156), (4660552007, 4660552063, 6.533), (4660552008, 4660552009, 25.014), (4660552008, 4660552040, 7.648), (4660552008, 4660552041, 5.685), (4660552009, 4660551087, 50.132), (4660552009, 4660552006, 57.815), (4660552009, 4660552008, 25.014), (4660552010, 4660552011, 14.952), (4660552010, 4660552041, 28.730000000000004), (4660552010, 6430513775, 14.639), (4660552010, 4660552051, 26.698999999999998), (4660552011, 4660552010, 14.952), (4660552011, 4660552012, 13.915), (4660552011, 4660552013, 15.131000000000002), (4660552012, 4660552011, 13.915), (4660552012, 4660552013, 10.746), (4660552012, 4660552037, 16.67), (4660552013, 4660552011, 15.131000000000002), (4660552013, 4660552012, 10.746), (4660552013, 4660552031, 15.684), (295801681, 4660551083, 44.137), (295801681, 4660551087, 46.426), (4660552031, 4660551086, 10.077), (4660552031, 4660552013, 15.684), (4660552031, 4660552037, 36.233), (4660552031, 4660552040, 10.773), (4660552037, 4660551082, 8.972), (4660552037, 4660552012, 16.67), (4660552037, 4660552031, 36.233), (4660552037, 4660552038, 7.991), (4660552038, 4660551082, 12.09), (4660552038, 4660552005, 10.241), (4660552038, 4660552037, 7.991), (4660552040, 4660551086, 15.684), (4660552040, 4660552008, 7.648), (4660552040, 4660552031, 10.773), (4660552041, 4660552008, 5.685), (4660552041, 4660552010, 28.730000000000004), (4660552041, 4660552063, 45.328), (6430513774, 4660552064, 27.195), (6430513774, 4660552074, 28.086), (6430513774, 4660552082, 15.953), (6430513774, 6430513775, 43.636), (6430513775, 4660552010, 14.639), (6430513775, 6430513774, 43.636), (6430513775, 4660552052, 27.506), (6430513775, 4660552063, 28.246000000000002), (621013491, 295801648, 112.642), (621013491, 295801646, 283.048), (4660552051, 4660552005, 8.01), (4660552051, 4660552010, 26.698999999999998), (4660552051, 4660552052, 43.226), (4660552052, 4660552003, 7.898), (4660552052, 6430513775, 27.506), (4660552052, 4660552051, 43.226), (5045191546, 4660551080, 55.348), (5045191546, 4660551084, 35.537), (8595821053, 295801632, 286.351), (8595821053, 295801642, 73.968), (8595821053, 8595842238, 291.783), (4660552063, 4660552007, 6.533), (4660552063, 4660552041, 45.328), (4660552063, 6430513775, 28.246000000000002)], [(2579043968, 2579043968, 230.22100000000003), (2579043968, 2579043986, 98.963), (598419216, 1260385206, 279.37), (598419216, 2579043967, 173.864), (2579043986, 2579043968, 98.963), (2579043986, 2579043999, 404.53499999999997), (2579043986, 2579043967, 124.053), (1260385182, 1260385198, 232.159), (1260385182, 1260385200, 77.281), (1260385182, 1260385206, 80.708), (2579043999, 2579043986, 404.53499999999997), (2579043999, 2579043936, 79.993), (1260385196, 1260385200, 65.184), (1260385196, 4667439976, 252.416), (1260385198, 1260385182, 232.159), (1260385198, 4667439983, 73.145), (5017277360, 5017277361, 30.426000000000002), (5017277360, 5017277366, 67.592), (5017277360, 2579043936, 461.27099999999996), (5017277361, 5017277360, 30.426000000000002), (5017277361, 5017277362, 13.999), (5017277361, 5017277366, 115.82000000000001), (5017277362, 5017277361, 13.999), (1260385200, 1260385182, 77.281), (1260385200, 1260385196, 65.184), (1260385206, 598419216, 279.37), (1260385206, 1260385182, 80.708), (5017277366, 5017277360, 67.592), (5017277366, 5017277361, 115.82000000000001), (2579043936, 2579043999, 79.993), (2579043936, 5017277360, 461.27099999999996), (2579043936, 2579043937, 19.215), (2579043937, 2579043936, 19.215), (2579043937, 2579043937, 855.691), (4667439975, 4667439982, 74.625), (4667439975, 4667439983, 248.238), (4667439976, 1260385196, 252.416), (4667439976, 4667439982, 74.533), (4667439982, 4667439975, 74.625), (4667439982, 4667439976, 74.533), (4667439983, 1260385198, 73.145), (4667439983, 4667439975, 248.238), (2579043967, 598419216, 173.864), (2579043967, 2579043986, 124.053)], [(4667439968, 4667439972, 62.564), (7515172036, 7515172023, 307.981), (4667439972, 4667439968, 62.564), (4667439972, 7515172023, 11.107), (6147541222, 6147541230, 3.105), (6147541226, 6147541236, 16.419), (6147541226, 6147541237, 98.607), (6147541226, 7515172023, 12.013), (6147541229, 6147541230, 14.912), (6147541229, 6147541233, 114.92), (6147541229, 6147541235, 18.442), (6147541230, 6147541222, 3.105), (6147541230, 6147541229, 14.912), (6147541230, 7515172049, 55.803999999999995), (6147541230, 6147541233, 125.59100000000001), (7515172049, 6147541230, 55.803999999999995), (7515172049, 6147541236, 6.852), (7515172049, 6147541235, 11.741), (6147541234, 6147541233, 39.83), (6147541234, 6147541237, 25.362), (6147541234, 6147541235, 109.813), (6147541233, 6147541229, 114.92), (6147541233, 6147541230, 125.59100000000001), (6147541233, 6147541234, 39.83), (6147541236, 6147541226, 16.419), (6147541236, 7515172049, 6.852), (6147541236, 6147541237, 91.413), (6147541237, 6147541226, 98.607), (6147541237, 6147541234, 25.362), (6147541237, 6147541236, 91.413), (6147541235, 6147541229, 18.442), (6147541235, 7515172049, 11.741), (6147541235, 6147541234, 109.813), (7515172023, 7515172036, 307.981), (7515172023, 4667439972, 11.107), (7515172023, 6147541226, 12.013)], [(6700484608, 6700484603, 107.658), (6700484608, 6700436380, 465.231), (6700484609, 6700484610, 60.733), (6700484609, 6700484607, 45.29), (6700484610, 6700484609, 60.733), (6700484610, 6700436379, 465.38100000000003), (6700484610, 6700484603, 136.651), (6700436379, 6700484610, 465.38100000000003), (6700436379, 6700436380, 245.651), (6700484604, 6700484605, 38.51), (6700484591, 6700484591, 104.059), (6700484591, 6700436380, 230.478), (6700484602, 6700484605, 62.406), (6700484602, 6700484607, 188.869), (6700484603, 6700484608, 107.658), (6700484603, 6700484610, 136.651), (6700484603, 6700484605, 28.686), (6700436380, 6700484608, 465.231), (6700436380, 6700436379, 245.651), (6700436380, 6700484591, 230.478), (6700484605, 6700484604, 38.51), (6700484605, 6700484602, 62.406), (6700484605, 6700484603, 28.686), (6700484606, 6700484607, 35.286), (6700484607, 6700484609, 45.29), (6700484607, 6700484602, 188.869), (6700484607, 6700484606, 35.286)], [(6700484592, 6700436344, 89.998), (6700484592, 6700484600, 31.715), (6700436344, 6700484592, 89.998), (6700436344, 6700484597, 569.45), (6700484597, 6700436344, 569.45), (6700484597, 6700484600, 162.293), (6700484600, 6700484592, 31.715), (6700484600, 6700484597, 162.293), (6700484600, 6700484601, 27.923), (6700484601, 6700484600, 27.923)], [(6700484613, 6700484614, 67.181), (6700484613, 6700484621, 118.935), (6700484613, 6700436369, 109.703), (6700484614, 6700484613, 67.181), (6700484614, 6700484615, 59.237), (6700484614, 6700436370, 52.555), (6700484615, 6700484614, 59.237), (6700484615, 6700484616, 46.242), (6700484616, 6700484615, 46.242), (6700484616, 6700436370, 61.706), (6700484621, 6700484613, 118.935), (6700484621, 6700484625, 195.875), (6700484625, 6700484621, 195.875), (6700436369, 6700484613, 109.703), (6700436369, 6700436370, 67.87), (6700436370, 6700484614, 52.555), (6700436370, 6700484616, 61.706), (6700436370, 6700436369, 67.87)], [(6700484618, 6700484620, 63.497), (6700484619, 6700484620, 51.923), (6700484620, 6700484618, 63.497), (6700484620, 6700484619, 51.923)], [(6700436352, 6700436353, 101.071), (6700436352, 6700436349, 100.686), (6700436352, 6700436351, 80.347), (6700436353, 6700436352, 101.071), (6700436353, 6700436357, 46.787), (6700436353, 4035259462, 32.157), (6700436353, 6700436351, 19.838), (6700436355, 6700436356, 27.567), (6700436355, 6700436357, 67.377), (6700436355, 6700436366, 67.521), (6700436355, 6700436367, 84.473), (6700436356, 6700436355, 27.567), (6700436356, 4035259462, 114.459), (6700436357, 6700436353, 46.787), (6700436357, 6700436355, 67.377), (6700436357, 6700436358, 15.936), (4035259462, 6700436353, 32.157), (4035259462, 6700436356, 114.459), (6700436358, 6700436357, 15.936), (6700436358, 6700436358, 50.295), (6700436366, 6700436355, 67.521), (6700436366, 6700436367, 172.75), (6700436367, 6700436355, 84.473), (6700436367, 6700436366, 172.75), (6700436349, 6700436352, 100.686), (6700436349, 6700436351, 21.478), (6700436351, 6700436352, 80.347), (6700436351, 6700436353, 19.838), (6700436351, 6700436349, 21.478)], [(5700235584, 7512127970, 53.239000000000004), (5700235584, 5700235586, 179.938), (7512127970, 5700235584, 53.239000000000004), (7512127970, 595748549, 806.3009999999999), (7512127970, 7512127959, 260.903), (5700235586, 5700235584, 179.938), (595748549, 7512127970, 806.3009999999999), (7512127959, 7512127970, 260.903)], [(8359132352, 8359132371, 176.00399999999996), (8359132352, 8359132950, 108.085), (8359132455, 8359132456, 31.245), (8359132455, 8359132371, 1050.3170000000005), (8359132456, 8359132455, 31.245), (8359132456, 6147541266, 123.909), (6147541257, 6147541266, 289.587), (6147541266, 8359132456, 123.909), (6147541266, 6147541257, 289.587), (8359132371, 8359132352, 176.00399999999996), (8359132371, 8359132455, 1050.3170000000005), (8359132950, 8359132352, 108.085)], [(8359132933, 8359132877, 399.375), (8359132553, 8359132557, 11.346), (8359132553, 8359132854, 1186.640999999999), (8359132553, 8359132477, 754.338), (8359132875, 8359132877, 20.794), (8359132875, 8359132858, 252.56300000000002), (8359132877, 8359132933, 399.375), (8359132877, 8359132875, 20.794), (8359132557, 8359132553, 11.346), (8359132557, 8359132477, 12.13), (8359132854, 8359132553, 1186.640999999999), (8359132854, 8359132858, 1044.9580000000003), (8359132858, 8359132875, 252.56300000000002), (8359132858, 8359132854, 1044.9580000000003), (8359132477, 8359132553, 754.338), (8359132477, 8359132557, 12.13)], [(5409724417, 5409736052, 20.068), (5409724417, 5409724403, 19.613), (5409724417, 5409724408, 63.403), (5409724420, 4539923790, 55.363), (295078407, 295078433, 82.665), (295078407, 295078527, 175.84), (295078407, 295078528, 270.51), (295077898, 295077506, 97.416), (295077898, 295077617, 52.815), (295077898, 617477491, 297.163), (305092108, 305092109, 47.703), (305092108, 305092206, 71.317), (305092108, 305092059, 124.364), (295078413, 295078527, 301.967), (295078413, 295078528, 236.986), (295078413, 295078271, 74.386), (305092109, 305092108, 47.703), (305092109, 295067057, 270.019), (305092109, 305092055, 213.354), (295077914, 295077684, 136.15), (295077914, 617477489, 75.519), (295077914, 295077767, 248.917), (295075356, 295075436, 17.804), (295075356, 295079596, 71.135), (295075356, 305092038, 75.748), (295075356, 4667313105, 106.315), (295079967, 295079967, 284.688), (295079967, 295079883, 72.654), (224817696, 224817703, 13.138), (224817696, 4667249878, 189.992), (224817696, 1260936539, 103.514), (224817696, 293304288, 17.269), (295078433, 295078407, 82.665), (295078433, 295078530, 79.442), (295078433, 295077684, 158.172), (224817703, 224817696, 13.138), (224817703, 224826072, 17.279), (224817703, 4539923790, 114.148), (224817703, 4502494599, 104.925), (295079986, 295080020, 78.137), (295079986, 295077518, 280.189), (295079986, 295079809, 72.903), (295080020, 295079986, 78.137), (295080020, 295080034, 326.11800000000005), (5577574489, 295079580, 237.316), (5577574489, 623509886, 204.081), (5577574489, 617477563, 73.975), (295079004, 295079580, 326.43), (295079004, 623509886, 59.452), (295079004, 295078791, 75.918), (295080034, 295080020, 326.11800000000005), (295080034, 295080233, 68.133), (295075436, 295075356, 17.804), (295075436, 295079723, 71.144), (295075436, 617477557, 168.296), (295075436, 4667313104, 105.854), (305092206, 305092108, 71.317), (305092206, 305092211, 189.733), (305092206, 305092270, 123.649), (305092211, 305092206, 189.733), (305092211, 305092270, 73.776), (305092211, 305092038, 104.304), (295067252, 617477536, 43.923), (295067262, 295067280, 178.20499999999998), (295067262, 295067314, 72.083), (295067262, 617477536, 246.07), (295067262, 617477557, 71.253), (295078527, 295078407, 175.84), (295078527, 295078413, 301.967), (295078527, 295078528, 77.381), (295078528, 295078407, 270.51), (295078528, 295078413, 236.986), (295078528, 295078527, 77.381), (295078530, 295078433, 79.442), (295078530, 295078688, 248.094), (295078530, 617477565, 77.859), (295067267, 295067268, 71.989), (295067267, 295067303, 141.586), (295067268, 295067267, 71.989), (295067268, 295067314, 338.21500000000003), (295067268, 617477556, 75.812), (295077506, 295077898, 97.416), (295077506, 295077507, 14.872), (295077506, 4502455978, 60.648), (295077507, 295077506, 14.872), (295077507, 4502455977, 60.751), (295067274, 295066900, 115.47599999999997), (295067274, 632183126, 156.887), (295067274, 295079806, 108.06), (295077518, 295079986, 280.189), (295077518, 295080162, 148.917), (295077518, 295077616, 105.858), (295077518, 293304282, 143.344), (295067280, 295067262, 178.20499999999998), (295067280, 295079758, 63.09100000000001), (295067280, 617477536, 75.013), (295079580, 5577574489, 237.316), (295079580, 295079004, 326.43), (295079580, 295079369, 73.716), (295067303, 295067267, 141.586), (295067303, 295067314, 196.58100000000002), (4502455977, 295077507, 60.751), (4502455977, 4502455978, 14.769), (4502455977, 4502470606, 72.132), (4502455978, 295077506, 60.648), (4502455978, 4502455977, 14.769), (4502455978, 4502470607, 87.405), (295079596, 295075356, 71.135), (295079596, 295079723, 17.766), (295079596, 4667313107, 105.325), (305092270, 305092206, 123.649), (305092270, 305092211, 73.776), (305092270, 305092059, 72.361), (305092271, 1260894586, 65.773), (305092271, 305092054, 265.09), (295067314, 295067262, 72.083), (295067314, 295067268, 338.21500000000003), (295067314, 295067303, 196.58100000000002), (294966972, 294966973, 14.296), (294966972, 1260936538, 46.162), (294966972, 1260936539, 92.368), (294966972, 282596724, 464.43100000000004), (294966973, 294966972, 14.296), (294966973, 295080219, 102.936), (294966973, 4502494599, 90.998), (294966973, 293304282, 464.06), (297626314, 595748577, 142.517), (295078610, 295079723, 169.388), (295078610, 295079766, 78.17099999999999), (295078610, 617477557, 75.19200000000001), (295078610, 617477587, 265.887), (4667249878, 224817696, 189.992), (4667249878, 4667249879, 17.091), (4667249878, 4667249880, 60.572), (4667249879, 4667249878, 17.091), (4667249879, 4667249881, 61.734), (4667249879, 293304288, 188.524), (224826072, 224817703, 17.279), (224826072, 4502428578, 125.771), (224826072, 293304288, 13.364), (224826072, 5409724405, 34.843), (4667249880, 4667249878, 60.572), (4667249880, 4667249881, 16.995), (4667249880, 4667249882, 159.906), (4667249881, 4667249879, 61.734), (4667249881, 4667249880, 16.995), (4667249881, 4667249883, 159.635), (4667249882, 4667249880, 159.906), (4667249882, 4667249883, 16.821), (4667249882, 4667249884, 61.533), (4667250396, 4667250397, 14.558), (4667250396, 4502470606, 59.572), (4667250396, 282596724, 88.705), (4667250397, 4667250396, 14.558), (4667250397, 4502470607, 60.524), (4667250397, 293304282, 88.334), (4667250397, 5699764207, 19.677), (4667249883, 4667249881, 159.635), (4667249883, 4667249882, 16.821), (4667249883, 4667249885, 61.758), (595748575, 595748577, 89.052), (595748576, 595748577, 12.135), (595748576, 295067056, 115.574), (595748577, 297626314, 142.517), (595748577, 595748575, 89.052), (595748577, 595748576, 12.135), (595748577, 295067057, 115.76500000000001), (295080162, 295077518, 148.917), (295080162, 295080219, 271.623), (295080162, 295080233, 141.416), (4667249884, 4667249882, 61.533), (4667249884, 4667249885, 16.758), (4667249885, 4667249883, 61.758), (4667249885, 4667249884, 16.758), (295077616, 295077518, 105.858), (295077616, 295077619, 117.514), (295077616, 295077838, 78.583), (295077617, 295077898, 52.815), (295077617, 295077803, 74.696), (295077617, 295077886, 39.435), (295077619, 295077616, 117.514), (295077619, 295077620, 72.224), (295077619, 295077837, 78.598), (295077620, 295077619, 72.224), (295077620, 295077703, 69.101), (295077620, 295078271, 45.102), (4502470606, 4502455977, 72.132), (4502470606, 4667250396, 59.572), (4502470606, 4502470607, 14.644), (295066900, 295067274, 115.47599999999997), (295066900, 295080219, 95.524), (295066900, 295080233, 216.396), (295080219, 294966973, 102.936), (295080219, 295080162, 271.623), (295080219, 295066900, 95.524), (295078688, 295078530, 248.094), (295078688, 295077777, 264.522), (295078688, 617477563, 73.998), (295080233, 295080034, 68.133), (295080233, 295080162, 141.416), (295080233, 295066900, 216.396), (295079723, 295075436, 71.144), (295079723, 295079596, 17.766), (295079723, 295078610, 169.388), (295079723, 4667313106, 105.748), (295077684, 295077914, 136.15), (295077684, 295078433, 158.172), (295077684, 295077766, 301.943), (295077703, 295077620, 69.101), (295077703, 295077703, 342.095), (305092424, 632183127, 627.872), (305092424, 1260894586, 219.923), (632183115, 305092054, 70.239), (632183115, 305092057, 191.65500000000003), (632183115, 305092058, 69.238), (632183115, 305092059, 71.055), (295079758, 295067280, 63.09100000000001), (4539923790, 5409724420, 55.363), (4539923790, 224817703, 114.148), (4539923790, 4539923792, 95.861), (4539923790, 4539923791, 22.208), (4539923792, 4539923790, 95.861), (4539923792, 4539923793, 19.656), (4539923792, 632183126, 98.39), (4539923793, 4539923792, 19.656), (4539923793, 4539923791, 90.938), (4539923793, 5409736037, 37.933), (4539923793, 5409736045, 22.761), (4539923791, 4539923790, 22.208), (4539923791, 4539923793, 90.938), (4539923791, 5409736073, 37.54), (295079766, 295078610, 78.17099999999999), (295079766, 295079806, 72.925), (295079766, 295079879, 264.126), (632183126, 295067274, 156.887), (632183126, 4539923792, 98.39), (632183126, 632183127, 17.599), (632183126, 4667313108, 81.892), (632183127, 305092424, 627.872), (632183127, 632183126, 17.599), (632183127, 5409736037, 49.236), (632183127, 4667313109, 83.134), (295067993, 295077775, 104.029), (295067993, 295075239, 277.49499999999995), (295067993, 295075261, 75.946), (1260936538, 294966972, 46.162), (1260936538, 1260936539, 134.98), (1260936539, 224817696, 103.514), (1260936539, 294966972, 92.368), (1260936539, 1260936538, 134.98), (1260936539, 4502494599, 13.863), (5409736036, 5409736051, 90.03999999999999), (5409736036, 5409724405, 56.581999999999994), (5409736036, 5409724404, 73.669), (5409736037, 4539923793, 37.933), (5409736037, 632183127, 49.236), (5409736037, 5409736039, 14.762), (5409736038, 5409736039, 38.819), (5409736038, 5409736041, 19.617), (5409736038, 5409724408, 519.8050000000001), (5409736039, 5409736037, 14.762), (5409736039, 5409736038, 38.819), (5409736039, 5409736041, 58.911), (5409736050, 5409736049, 17.188), (5409736050, 5409736052, 21.499), (5409736050, 5409736055, 44.634), (5409736041, 5409736038, 19.617), (5409736041, 5409736039, 58.911), (5409736041, 5409724409, 17.461), (5409736042, 5409736043, 17.798), (5409736042, 5409736062, 50.769999999999996), (5409736042, 5409736064, 32.213), (5409736043, 5409736042, 17.798), (5409736043, 5409736044, 20.082), (5409736043, 5409736066, 31.893), (5409736044, 5409736043, 20.082), (5409736044, 5409736045, 18.862), (5409736044, 5409736068, 31.527), (617477485, 295077767, 52.202), (617477485, 295077825, 74.864), (617477485, 295077886, 76.078), (5409736045, 4539923793, 22.761), (5409736045, 5409736044, 18.862), (5409736045, 5409724409, 31.192), (5409736047, 5409736048, 37.975), (5409736047, 5409736073, 24.879), (5409736047, 5409724405, 31.751), (5409736048, 5409736047, 37.975), (5409736048, 5409736053, 8.688), (5409736048, 5409736055, 94.0), (617477489, 295077914, 75.519), (617477489, 617477491, 236.376), (617477489, 295077886, 298.512), (5409736049, 5409736050, 17.188), (5409736049, 5409736054, 44.989), (5409736049, 5409736072, 15.869), (617477491, 295077898, 297.163), (617477491, 617477489, 236.376), (282596724, 294966972, 464.43100000000004), (282596724, 4667250396, 88.705), (282596724, 293304282, 14.428), (5409736053, 5409736048, 8.688), (5409736053, 5409736054, 85.025), (5409736053, 5409736057, 15.901), (5409736052, 5409724417, 20.068), (5409736052, 5409736050, 21.499), (5409736052, 5409736051, 44.2), (5409736051, 5409736036, 90.03999999999999), (5409736051, 5409736052, 44.2), (5409736051, 5409724404, 18.637), (5409736051, 5409736055, 22.107), (5409736054, 5409736049, 44.989), (5409736054, 5409736053, 85.025), (5409736054, 5409736071, 15.248), (5409736054, 5409736055, 17.763), (1260894585, 1260894586, 56.854), (1260894586, 305092271, 65.773), (1260894586, 305092424, 219.923), (1260894586, 1260894585, 56.854), (5409736057, 5409736053, 15.901), (5409736057, 5409736073, 37.619), (5409736057, 5409736070, 18.313), (623509884, 623509886, 38.062), (5409736058, 5409736070, 16.557), (5409736058, 5409736059, 111.861), (5409736058, 5409736060, 17.59), (295079806, 295067274, 108.06), (295079806, 295079766, 72.925), (295079806, 295079879, 203.875), (295078271, 295078413, 74.386), (295078271, 295077620, 45.102), (295078271, 295077766, 239.864), (623509886, 5577574489, 204.081), (623509886, 295079004, 59.452), (623509886, 623509884, 38.062), (295079809, 295079986, 72.903), (295079809, 295079879, 75.922), (295079809, 295079883, 79.603), (5409736066, 5409736043, 31.893), (5409736066, 5409736067, 112.229), (5409736066, 5409736068, 19.772), (5409736066, 5409736064, 18.153), (5409736067, 5409736066, 112.229), (5409736067, 5409736069, 19.974), (5409736067, 5409736065, 16.786), (5409736068, 5409736044, 31.527), (5409736068, 5409736066, 19.772), (5409736068, 5409736069, 112.336), (5409736068, 5409724409, 19.094), (5409736069, 5409736067, 19.974), (5409736069, 5409736068, 112.336), (5409736069, 5409724409, 122.357), (295077766, 295077684, 301.943), (295077766, 295078271, 239.864), (295077766, 295077767, 74.291), (295078791, 295079004, 75.918), (295078791, 295077775, 460.00899999999996), (295078791, 617477565, 219.833), (295077767, 295077914, 248.917), (295077767, 617477485, 52.202), (295077767, 295077766, 74.291), (4502494599, 224817703, 104.925), (4502494599, 294966973, 90.998), (4502494599, 1260936539, 13.863), (5409736073, 4539923791, 37.54), (5409736073, 5409736047, 24.879), (5409736073, 5409736057, 37.619), (5409736070, 5409736057, 18.313), (5409736070, 5409736058, 16.557), (5409736070, 5409736071, 66.484), (5409736071, 5409736054, 15.248), (5409736071, 5409736070, 66.484), (5409736071, 5409736072, 45.289), (5409736072, 5409736049, 15.869), (5409736072, 5409736071, 45.289), (5409736072, 5409736059, 17.143), (295077775, 295067993, 104.029), (295077775, 295078791, 460.00899999999996), (295077775, 295079369, 137.671), (295077777, 295078688, 264.522), (295077777, 617477561, 74.423), (295077777, 617477587, 259.304), (5409736059, 5409736058, 111.861), (5409736059, 5409736072, 17.143), (5409736059, 5409736061, 17.497), (5409736060, 5409736058, 17.59), (5409736060, 5409736061, 111.957), (5409736060, 5409736062, 18.702), (5409736061, 5409736059, 17.497), (5409736061, 5409736060, 111.957), (5409736061, 5409736063, 17.188), (617477536, 295067252, 43.923), (617477536, 295067262, 246.07), (617477536, 295067280, 75.013), (617477536, 295067056, 73.008), (4502428577, 4502428578, 14.943), (4502428577, 293304288, 125.659), (4502428578, 224826072, 125.771), (4502428578, 4502428577, 14.943), (4502428578, 5409724402, 23.416), (4502428578, 5409724404, 21.133), (5409736062, 5409736042, 50.769999999999996), (5409736062, 5409736060, 18.702), (5409736062, 5409736063, 112.044), (5409736062, 5409736064, 18.358), (295075239, 295067993, 277.49499999999995), (295075239, 295075240, 85.807), (295075239, 295075261, 204.835), (295075240, 295075239, 85.807), (295075240, 617477556, 204.798), (295075240, 617477559, 74.243), (5409736063, 5409736061, 17.188), (5409736063, 5409736062, 112.044), (5409736063, 5409736065, 20.021), (295077803, 295077617, 74.696), (295077803, 295077825, 115.374), (295077803, 295077838, 79.673), (5409736064, 5409736042, 32.213), (5409736064, 5409736066, 18.153), (5409736064, 5409736062, 18.358), (5409736064, 5409736065, 112.139), (295067056, 595748576, 115.574), (295067056, 617477536, 73.008), (295067056, 295067057, 13.235), (295067056, 4667313104, 139.191), (295067057, 305092109, 270.019), (295067057, 595748577, 115.76500000000001), (295067057, 295067056, 13.235), (295067057, 4667313105, 138.239), (5409736065, 5409736067, 16.786), (5409736065, 5409736063, 20.021), (5409736065, 5409736064, 112.139), (617477556, 295067268, 75.812), (617477556, 295075240, 204.798), (617477556, 295075261, 81.051), (617477557, 295075436, 168.296), (617477557, 295067262, 71.253), (617477557, 295078610, 75.19200000000001), (617477557, 617477559, 265.644), (617477559, 295075240, 74.243), (617477559, 617477557, 265.644), (617477559, 617477561, 260.252), (617477559, 617477587, 74.797), (617477561, 295077777, 74.423), (617477561, 617477559, 260.252), (617477561, 617477563, 262.668), (617477561, 295079369, 137.239), (617477563, 5577574489, 73.975), (617477563, 295078688, 73.998), (617477563, 617477561, 262.668), (617477563, 617477565, 223.342), (617477565, 295078530, 77.859), (617477565, 295078791, 219.833), (617477565, 617477563, 223.342), (295075261, 295067993, 75.946), (295075261, 295075239, 204.835), (295075261, 617477556, 81.051), (295077825, 617477485, 74.864), (295077825, 295077803, 115.374), (295077825, 295077837, 78.798), (305092038, 295075356, 75.748), (305092038, 305092211, 104.304), (305092038, 305092054, 259.824), (295079879, 295079766, 264.126), (295079879, 295079806, 203.875), (295079879, 295079809, 75.922), (295079369, 295079580, 73.716), (295079369, 295077775, 137.671), (295079369, 617477561, 137.239), (295079883, 295079967, 72.654), (295079883, 295079809, 79.603), (295079883, 617477587, 71.025), (632181708, 305092055, 46.572), (632181708, 305092057, 69.441), (632181708, 305092056, 248.165), (295077837, 295077619, 78.598), (295077837, 295077825, 78.798), (295077837, 295077838, 115.409), (295077838, 295077616, 78.583), (295077838, 295077803, 79.673), (295077838, 295077837, 115.409), (4502470607, 4502455978, 87.405), (4502470607, 4667250397, 60.524), (4502470607, 4502470606, 14.644), (4667313104, 295075436, 105.854), (4667313104, 295067056, 139.191), (4667313104, 4667313105, 15.838), (4667313105, 295075356, 106.315), (4667313105, 295067057, 138.239), (4667313105, 4667313104, 15.838), (4667313106, 295079723, 105.748), (4667313106, 4667313107, 17.673), (4667313106, 4667313108, 73.987), (617477587, 295078610, 265.887), (617477587, 295077777, 259.304), (617477587, 617477559, 74.797), (617477587, 295079883, 71.025), (4667313107, 295079596, 105.325), (4667313107, 4667313106, 17.673), (4667313107, 4667313109, 74.268), (4667313108, 632183126, 81.892), (4667313108, 4667313106, 73.987), (4667313108, 4667313109, 17.607), (305092054, 305092271, 265.09), (305092054, 632183115, 70.239), (305092054, 305092038, 259.824), (4667313109, 632183127, 83.134), (4667313109, 4667313107, 74.268), (4667313109, 4667313108, 17.607), (305092055, 305092109, 213.354), (305092055, 632181708, 46.572), (305092057, 632183115, 191.65500000000003), (305092057, 632181708, 69.441), (305092057, 305092058, 125.044), (293304282, 295077518, 143.344), (293304282, 294966973, 464.06), (293304282, 4667250397, 88.334), (293304282, 282596724, 14.428), (305092058, 632183115, 69.238), (305092058, 305092057, 125.044), (305092058, 305092056, 69.891), (305092059, 305092108, 124.364), (305092059, 305092270, 72.361), (305092059, 632183115, 71.055), (305092056, 632181708, 248.165), (305092056, 305092058, 69.891), (293304288, 224817696, 17.269), (293304288, 4667249879, 188.524), (293304288, 224826072, 13.364), (293304288, 4502428577, 125.659), (5699764206, 5699764207, 116.333), (5699764206, 5699764212, 19.564), (5699764207, 4667250397, 19.677), (5699764207, 5699764206, 116.333), (5699764207, 5699764213, 19.825), (5409724402, 4502428578, 23.416), (5409724402, 5409724403, 21.274), (5409724403, 5409724417, 19.613), (5409724403, 5409724402, 21.274), (5409724403, 5409724404, 24.223), (5699764212, 5699764206, 19.564), (5699764212, 5699764213, 122.601), (5699764213, 5699764207, 19.825), (5699764213, 5699764212, 122.601), (5409724405, 224826072, 34.843), (5409724405, 5409736036, 56.581999999999994), (5409724405, 5409736047, 31.751), (5409724404, 5409736036, 73.669), (5409724404, 5409736051, 18.637), (5409724404, 4502428578, 21.133), (5409724404, 5409724403, 24.223), (5409724408, 5409724417, 63.403), (5409724408, 5409736038, 519.8050000000001), (5409724409, 5409736041, 17.461), (5409724409, 5409736045, 31.192), (5409724409, 5409736068, 19.094), (5409724409, 5409736069, 122.357), (5409736055, 5409736050, 44.634), (5409736055, 5409736048, 94.0), (5409736055, 5409736051, 22.107), (5409736055, 5409736054, 17.763), (295077886, 295077617, 39.435), (295077886, 617477485, 76.078), (295077886, 617477489, 298.512)], [(632183298, 656415382, 111.197), (632183298, 4502525667, 218.05100000000002), (632183298, 6700454194, 126.231), (632183812, 369607765, 178.57199999999997), (632183812, 369565399, 124.522), (632183812, 4031745325, 62.633), (632183814, 369559749, 81.509), (632183814, 4031745322, 56.218), (632183814, 369560481, 74.515), (632183303, 6700492992, 193.018), (632183303, 305092556, 13.509), (632183303, 595748307, 228.057), (632183303, 595748312, 240.626), (4504055324, 4504055325, 12.377), (4504055324, 369558847, 297.176), (4504055324, 595748223, 83.008), (4504055325, 4504055324, 12.377), (4504055325, 653993004, 84.102), (4504055325, 595748276, 226.493), (653993004, 4504055325, 84.102), (653993004, 224873249, 213.861), (653993004, 595748223, 11.874), (653993004, 595748228, 201.856), (369553463, 224873249, 90.349), (369553463, 4031745325, 50.284), (369553463, 369553403, 194.195), (4847120966, 4847120973, 83.891), (4847120966, 369554210, 503.058), (4847120973, 4847120966, 83.891), (4847120973, 369552373, 512.725), (369607765, 632183812, 178.57199999999997), (369607765, 369554210, 135.048), (369607765, 369553403, 190.768), (656415382, 632183298, 111.197), (656415382, 4502525666, 212.81199999999998), (656415382, 656415498, 224.154), (6700492988, 6700492990, 64.95), (6700492988, 6700492992, 80.792), (6700492988, 4502525666, 38.674), (6700492990, 6700492988, 64.95), (6700492992, 632183303, 193.018), (6700492992, 6700492988, 80.792), (6700492992, 4502525666, 28.116), (369559749, 632183814, 81.509), (369559749, 369564363, 88.76), (369564363, 369559749, 88.76), (369564363, 4031745323, 56.484), (369564363, 369552373, 199.68899999999996), (4667249872, 4667249873, 11.251), (4667249872, 4667249874, 125.17), (4667249872, 369558847, 153.764), (4667249873, 4667249872, 11.251), (4667249873, 4667249875, 124.915), (4667249873, 595748282, 93.713), (4667249874, 4667249872, 125.17), (46